30	-84	-36	1
18	-84	-36	2
6	-84	-36	3			
-6	-84	-36	4			
-18	-84	-36	5			
-30	-84	-36	6			
42	-72	-36	7			
30	-72	-36	8			
18	-72	-36	9			
6	-72	-36	10		
-6	-72	-36	11		
-18	-72	-36	12		
-30	-72	-36	13		
-42	-72	-36	14		
54	-60	-36	15		
42	-60	-36	16		
30	-60	-36	17		
18	-60	-36	18		
6	-60	-36	19		
-6	-60	-36	20		
-18	-60	-36	21		
-30	-60	-36	22		
-42	-60	-36	23		
-54	-60	-36	24		
54	-48	-36	25		
42	-48	-36	26		
30	-48	-36	27		
18	-48	-36	28		
6	-48	-36	29		
-6	-48	-36	30		
-18	-48	-36	31		
-30	-48	-36	32		
-42	-48	-36	33		
-54	-48	-36	34		
42	-36	-36	35		
30	-36	-36	36		
18	-36	-36	37		
6	-36	-36	38		
-6	-36	-36	39		
-18	-36	-36	40		
-30	-36	-36	41		
-42	-36	-36	42		
18	-24	-36	43		
6	-24	-36	44		
-6	-24	-36	45		
-18	-24	-36	46		
54	-12	-36	47		
42	-12	-36	48		
30	-12	-36	49		
18	-12	-36	50		
6	-12	-36	51		
-6	-12	-36	52		
-18	-12	-36	53		
-30	-12	-36	54		
-42	-12	-36	55		
-54	-12	-36	56		
54	0	-36	57		
42	0	-36	58		
30	0	-36	59		
18	0	-36	60		
-18	0	-36	61		
-30	0	-36	62		
-42	0	-36	63		
-54	0	-36	64		
54	12	-36	65		
42	12	-36	66		
30	12	-36	67		
18	12	-36	68		
-18	12	-36	69		
-30	12	-36	70		
-42	12	-36	71		
-54	12	-36	72		
42	24	-36	73		
30	24	-36	74		
-30	24	-36	75		
-42	24	-36	76		
30	-84	-24	77		
18	-84	-24	78		
6	-84	-24	79		
-6	-84	-24	80		
-18	-84	-24	81		
-30	-84	-24	82		
42	-72	-24	83		
30	-72	-24	84		
18	-72	-24	85		
6	-72	-24	86		
-6	-72	-24	87		
-18	-72	-24	88		
-30	-72	-24	89		
-42	-72	-24	90		
54	-60	-24	91		
42	-60	-24	92		
30	-60	-24	93		
18	-60	-24	94		
6	-60	-24	95		
-6	-60	-24	96		
-18	-60	-24	97		
-30	-60	-24	98		
-42	-60	-24	99		
-54	-60	-24	100	
54	-48	-24	101	
42	-48	-24	102	
30	-48	-24	103	
18	-48	-24	104	
6	-48	-24	105	
-6	-48	-24	106	
-18	-48	-24	107	
-30	-48	-24	108	
-42	-48	-24	109	
-54	-48	-24	110	
66	-36	-24	111	
54	-36	-24	112	
42	-36	-24	113	
30	-36	-24	114	
18	-36	-24	115	
6	-36	-24	116	
-6	-36	-24	117	
-18	-36	-24	118	
-30	-36	-24	119	
-42	-36	-24	120	
-54	-36	-24	121	
-66	-36	-24	122	
66	-24	-24	123	
54	-24	-24	124	
42	-24	-24	125	
30	-24	-24	126	
18	-24	-24	127	
6	-24	-24	128	
-6	-24	-24	129	
-18	-24	-24	130	
-30	-24	-24	131	
-42	-24	-24	132	
-54	-24	-24	133	
-66	-24	-24	134	
66	-12	-24	135	
54	-12	-24	136	
42	-12	-24	137	
30	-12	-24	138	
18	-12	-24	139	
6	-12	-24	140	
-6	-12	-24	141	
-18	-12	-24	142	
-30	-12	-24	143	
-42	-12	-24	144	
-54	-12	-24	145	
-66	-12	-24	146	
66	0	-24	147	
54	0	-24	148	
42	0	-24	149	
30	0	-24	150	
18	0	-24	151	
-18	0	-24	152	
-30	0	-24	153	
-42	0	-24	154	
-54	0	-24	155	
-66	0	-24	156	
54	12	-24	157	
42	12	-24	158	
30	12	-24	159	
18	12	-24	160	
6	12	-24	161	
-6	12	-24	162	
-18	12	-24	163	
-30	12	-24	164	
-42	12	-24	165	
-54	12	-24	166	
42	24	-24	167	
30	24	-24	168	
18	24	-24	169	
6	24	-24	170	
-6	24	-24	171	
-18	24	-24	172	
-30	24	-24	173	
-42	24	-24	174	
30	36	-24	175	
18	36	-24	176	
6	36	-24	177	
-6	36	-24	178	
-18	36	-24	179	
-30	36	-24	180	
18	48	-24	181	
6	48	-24	182	
-6	48	-24	183	
-18	48	-24	184	
6	60	-24	185	
-6	60	-24	186	
30	-96	-12	187	
18	-96	-12	188	
6	-96	-12	189	
-6	-96	-12	190	
-18	-96	-12	191	
-30	-96	-12	192	
42	-84	-12	193	
30	-84	-12	194	
18	-84	-12	195	
6	-84	-12	196	
-6	-84	-12	197	
-18	-84	-12	198	
-30	-84	-12	199	
-42	-84	-12	200	
54	-72	-12	201	
42	-72	-12	202	
30	-72	-12	203	
18	-72	-12	204	
6	-72	-12	205	
-6	-72	-12	206	
-18	-72	-12	207	
-30	-72	-12	208	
-42	-72	-12	209	
-54	-72	-12	210	
54	-60	-12	211	
42	-60	-12	212	
30	-60	-12	213	
18	-60	-12	214	
6	-60	-12	215	
-6	-60	-12	216	
-18	-60	-12	217	
-30	-60	-12	218	
-42	-60	-12	219	
-54	-60	-12	220	
66	-48	-12	221	
54	-48	-12	222	
42	-48	-12	223	
30	-48	-12	224	
18	-48	-12	225	
6	-48	-12	226	
-6	-48	-12	227	
-18	-48	-12	228	
-30	-48	-12	229	
-42	-48	-12	230	
-54	-48	-12	231	
-66	-48	-12	232	
66	-36	-12	233	
54	-36	-12	234	
42	-36	-12	235	
30	-36	-12	236	
18	-36	-12	237	
6	-36	-12	238	
-6	-36	-12	239	
-18	-36	-12	240	
-30	-36	-12	241	
-42	-36	-12	242	
-54	-36	-12	243	
-66	-36	-12	244	
66	-24	-12	245	
54	-24	-12	246	
42	-24	-12	247	
30	-24	-12	248	
18	-24	-12	249	
6	-24	-12	250	
-6	-24	-12	251	
-18	-24	-12	252	
-30	-24	-12	253	
-42	-24	-12	254	
-54	-24	-12	255	
-66	-24	-12	256	
66	-12	-12	257	
54	-12	-12	258	
42	-12	-12	259	
30	-12	-12	260	
18	-12	-12	261	
6	-12	-12	262	
-6	-12	-12	263	
-18	-12	-12	264	
-30	-12	-12	265	
-42	-12	-12	266	
-54	-12	-12	267	
-66	-12	-12	268	
66	0	-12	269	
54	0	-12	270	
42	0	-12	271	
30	0	-12	272	
18	0	-12	273	
6	0	-12	274	
-6	0	-12	275	
-18	0	-12	276	
-30	0	-12	277	
-42	0	-12	278	
-54	0	-12	279	
-66	0	-12	280	
54	12	-12	281	
42	12	-12	282	
30	12	-12	283	
18	12	-12	284	
6	12	-12	285	
-6	12	-12	286	
-18	12	-12	287	
-30	12	-12	288	
-42	12	-12	289	
-54	12	-12	290	
54	24	-12	291	
42	24	-12	292	
30	24	-12	293	
18	24	-12	294	
6	24	-12	295	
-6	24	-12	296	
-18	24	-12	297	
-30	24	-12	298	
-42	24	-12	299	
-54	24	-12	300	
54	36	-12	301	
42	36	-12	302	
30	36	-12	303	
18	36	-12	304	
6	36	-12	305	
-6	36	-12	306	
-18	36	-12	307	
-30	36	-12	308	
-42	36	-12	309	
-54	36	-12	310	
42	48	-12	311	
30	48	-12	312	
18	48	-12	313	
6	48	-12	314	
-6	48	-12	315	
-18	48	-12	316	
-30	48	-12	317	
-42	48	-12	318	
42	60	-12	319	
30	60	-12	320	
18	60	-12	321	
6	60	-12	322	
-6	60	-12	323	
-18	60	-12	324	
-30	60	-12	325	
-42	60	-12	326	
6	72	-12	327	
-6	72	-12	328	
30	-96	0  	329	
18	-96	0  	330	
6	-96	0  	331	
-6	-96	0  	332	
-18	-96	0  	333	
-30	-96	0  	334	
42	-84	0  	335	
30	-84	0  	336	
18	-84	0  	337	
6	-84	0  	338	
-6	-84	0  	339	
-18	-84	0  	340	
-30	-84	0  	341	
-42	-84	0  	342	
54	-72	0  	343	
42	-72	0  	344	
30	-72	0  	345	
18	-72	0  	346	
6	-72	0  	347	
-6	-72	0  	348	
-18	-72	0  	349	
-30	-72	0  	350	
-42	-72	0  	351	
-54	-72	0  	352	
54	-60	0  	353	
42	-60	0  	354	
30	-60	0  	355	
18	-60	0  	356	
6	-60	0  	357	
-6	-60	0  	358	
-18	-60	0  	359	
-30	-60	0  	360	
-42	-60	0  	361	
-54	-60	0  	362	
66	-48	0  	363	
54	-48	0  	364	
42	-48	0  	365	
30	-48	0  	366	
18	-48	0  	367	
6	-48	0  	368	
-6	-48	0  	369	
-18	-48	0  	370	
-30	-48	0  	371	
-42	-48	0  	372	
-54	-48	0  	373	
-66	-48	0  	374	
66	-36	0  	375	
54	-36	0  	376	
42	-36	0  	377	
30	-36	0  	378	
18	-36	0  	379	
6	-36	0  	380	
-6	-36	0  	381	
-18	-36	0  	382	
-30	-36	0  	383	
-42	-36	0  	384	
-54	-36	0  	385	
-66	-36	0  	386	
66	-24	0  	387	
54	-24	0  	388	
42	-24	0  	389	
30	-24	0  	390	
18	-24	0  	391	
6	-24	0  	392	
-6	-24	0  	393	
-18	-24	0  	394	
-30	-24	0  	395	
-42	-24	0  	396	
-54	-24	0  	397	
-66	-24	0  	398	
66	-12	0  	399	
54	-12	0  	400	
42	-12	0  	401	
30	-12	0  	402	
18	-12	0  	403	
6	-12	0  	404	
-6	-12	0  	405	
-18	-12	0  	406	
-30	-12	0  	407	
-42	-12	0  	408	
-54	-12	0  	409	
-66	-12	0  	410	
66	0	0  	411	
54	0	0  	412	
42	0	0  	413	
30	0	0  	414	
18	0	0  	415	
6	0	0  	416	
-6	0	0  	417	
-18	0	0  	418	
-30	0	0  	419	
-42	0	0  	420	
-54	0	0  	421	
-66	0	0  	422	
54	12	0  	423	
42	12	0  	424	
30	12	0  	425	
18	12	0  	426	
6	12	0  	427	
-6	12	0  	428	
-18	12	0  	429	
-30	12	0  	430	
-42	12	0  	431	
-54	12	0  	432	
54	24	0  	433	
42	24	0  	434	
30	24	0  	435	
18	24	0  	436	
6	24	0  	437	
-6	24	0  	438	
-18	24	0  	439	
-30	24	0  	440	
-42	24	0  	441	
-54	24	0  	442	
54	36	0  	443	
42	36	0  	444	
30	36	0  	445	
18	36	0  	446	
6	36	0  	447	
-6	36	0  	448	
-18	36	0  	449	
-30	36	0  	450	
-42	36	0  	451	
-54	36	0  	452	
42	48	0  	453	
30	48	0  	454	
18	48	0  	455	
6	48	0  	456	
-6	48	0  	457	
-18	48	0  	458	
-30	48	0  	459	
-42	48	0  	460	
42	60	0  	461	
30	60	0  	462	
18	60	0  	463	
6	60	0  	464	
-6	60	0  	465	
-18	60	0  	466	
-30	60	0  	467	
-42	60	0  	468	
18	72	0  	469	
6	72	0  	470	
-6	72	0  	471	
-18	72	0  	472	
30	-96	12 	473	
18	-96	12 	474	
6	-96	12 	475	
-6	-96	12 	476	
-18	-96	12 	477	
-30	-96	12 	478	
42	-84	12 	479	
30	-84	12 	480	
18	-84	12 	481	
6	-84	12 	482	
-6	-84	12 	483	
-18	-84	12 	484	
-30	-84	12 	485	
-42	-84	12 	486	
54	-72	12 	487	
42	-72	12 	488	
30	-72	12 	489	
18	-72	12 	490	
6	-72	12 	491	
-6	-72	12 	492	
-18	-72	12 	493	
-30	-72	12 	494	
-42	-72	12 	495	
-54	-72	12 	496	
54	-60	12 	497	
42	-60	12 	498	
30	-60	12 	499	
18	-60	12 	500	
6	-60	12 	501	
-6	-60	12 	502	
-18	-60	12 	503	
-30	-60	12 	504	
-42	-60	12 	505	
-54	-60	12 	506	
66	-48	12 	507	
54	-48	12 	508	
42	-48	12 	509	
30	-48	12 	510	
18	-48	12 	511	
6	-48	12 	512	
-6	-48	12 	513	
-18	-48	12 	514	
-30	-48	12 	515	
-42	-48	12 	516	
-54	-48	12 	517	
-66	-48	12 	518	
66	-36	12 	519	
54	-36	12 	520	
42	-36	12 	521	
30	-36	12 	522	
18	-36	12 	523	
6	-36	12 	524	
-6	-36	12 	525	
-18	-36	12 	526	
-30	-36	12 	527	
-42	-36	12 	528	
-54	-36	12 	529	
-66	-36	12 	530	
66	-24	12 	531	
54	-24	12 	532	
42	-24	12 	533	
30	-24	12 	534	
18	-24	12 	535	
6	-24	12 	536	
-6	-24	12 	537	
-18	-24	12 	538	
-30	-24	12 	539	
-42	-24	12 	540	
-54	-24	12 	541	
-66	-24	12 	542	
66	-12	12 	543	
54	-12	12 	544	
42	-12	12 	545	
30	-12	12 	546	
18	-12	12 	547	
6	-12	12 	548	
-6	-12	12 	549	
-18	-12	12 	550	
-30	-12	12 	551	
-42	-12	12 	552	
-54	-12	12 	553	
-66	-12	12 	554	
66	0	12 	555	
54	0	12 	556	
42	0	12 	557	
30	0	12 	558	
18	0	12 	559	
6	0	12 	560	
-6	0	12 	561	
-18	0	12 	562	
-30	0	12 	563	
-42	0	12 	564	
-54	0	12 	565	
-66	0	12 	566	
54	12	12 	567	
42	12	12 	568	
30	12	12 	569	
18	12	12 	570	
6	12	12 	571	
-6	12	12 	572	
-18	12	12 	573	
-30	12	12 	574	
-42	12	12 	575	
-54	12	12 	576	
54	24	12 	577	
42	24	12 	578	
30	24	12 	579	
18	24	12 	580	
6	24	12 	581	
-6	24	12 	582	
-18	24	12 	583	
-30	24	12 	584	
-42	24	12 	585	
-54	24	12 	586	
54	36	12 	587	
42	36	12 	588	
30	36	12 	589	
18	36	12 	590	
6	36	12 	591	
-6	36	12 	592	
-18	36	12 	593	
-30	36	12 	594	
-42	36	12 	595	
-54	36	12 	596	
42	48	12 	597	
30	48	12 	598	
18	48	12 	599	
6	48	12 	600	
-6	48	12 	601	
-18	48	12 	602	
-30	48	12 	603	
-42	48	12 	604	
42	60	12 	605	
30	60	12 	606	
18	60	12 	607	
6	60	12 	608	
-6	60	12 	609	
-18	60	12 	610	
-30	60	12 	611	
-42	60	12 	612	
18	72	12 	613	
6	72	12 	614	
-6	72	12 	615	
-18	72	12 	616	
18	-96	24 	617	
6	-96	24 	618	
-6	-96	24 	619	
-18	-96	24 	620	
42	-84	24 	621	
30	-84	24 	622	
18	-84	24 	623	
6	-84	24 	624	
-6	-84	24 	625	
-18	-84	24 	626	
-30	-84	24 	627	
-42	-84	24 	628	
54	-72	24 	629	
42	-72	24 	630	
30	-72	24 	631	
18	-72	24 	632	
6	-72	24 	633	
-6	-72	24 	634	
-18	-72	24 	635	
-30	-72	24 	636	
-42	-72	24 	637	
-54	-72	24 	638	
54	-60	24 	639	
42	-60	24 	640	
30	-60	24 	641	
18	-60	24 	642	
6	-60	24 	643	
-6	-60	24 	644	
-18	-60	24 	645	
-30	-60	24 	646	
-42	-60	24 	647	
-54	-60	24 	648	
66	-48	24 	649	
54	-48	24 	650	
42	-48	24 	651	
30	-48	24 	652	
18	-48	24 	653	
6	-48	24 	654	
-6	-48	24 	655	
-18	-48	24 	656	
-30	-48	24 	657	
-42	-48	24 	658	
-54	-48	24 	659	
-66	-48	24 	660	
66	-36	24 	661	
54	-36	24 	662	
42	-36	24 	663	
30	-36	24 	664	
18	-36	24 	665	
6	-36	24 	666	
-6	-36	24 	667	
-18	-36	24 	668	
-30	-36	24 	669	
-42	-36	24 	670	
-54	-36	24 	671	
-66	-36	24 	672	
66	-24	24 	673	
54	-24	24 	674	
42	-24	24 	675	
30	-24	24 	676	
18	-24	24 	677	
6	-24	24 	678	
-6	-24	24 	679	
-18	-24	24 	680	
-30	-24	24 	681	
-42	-24	24 	682	
-54	-24	24 	683	
-66	-24	24 	684	
66	-12	24 	685	
54	-12	24 	686	
42	-12	24 	687	
30	-12	24 	688	
18	-12	24 	689	
6	-12	24 	690	
-6	-12	24 	691	
-18	-12	24 	692	
-30	-12	24 	693	
-42	-12	24 	694	
-54	-12	24 	695	
-66	-12	24 	696	
66	0	24 	697	
54	0	24 	698	
42	0	24 	699	
30	0	24 	700	
18	0	24 	701	
6	0	24 	702	
-6	0	24 	703	
-18	0	24 	704	
-30	0	24 	705	
-42	0	24 	706	
-54	0	24 	707	
-66	0	24 	708	
54	12	24 	709	
42	12	24 	710	
30	12	24 	711	
18	12	24 	712	
6	12	24 	713	
-6	12	24 	714	
-18	12	24 	715	
-30	12	24 	716	
-42	12	24 	717	
-54	12	24 	718	
54	24	24 	719	
42	24	24 	720	
30	24	24 	721	
18	24	24 	722	
6	24	24 	723	
-6	24	24 	724	
-18	24	24 	725	
-30	24	24 	726	
-42	24	24 	727	
-54	24	24 	728	
54	36	24 	729	
42	36	24 	730	
30	36	24 	731	
18	36	24 	732	
6	36	24 	733	
-6	36	24 	734	
-18	36	24 	735	
-30	36	24 	736	
-42	36	24 	737	
-54	36	24 	738	
42	48	24 	739	
30	48	24 	740	
18	48	24 	741	
6	48	24 	742	
-6	48	24 	743	
-18	48	24 	744	
-30	48	24 	745	
-42	48	24 	746	
30	60	24 	747	
18	60	24 	748	
6	60	24 	749	
-6	60	24 	750	
-18	60	24 	751	
-30	60	24 	752	
30	-84	36 	753	
18	-84	36 	754	
6	-84	36 	755	
-6	-84	36 	756	
-18	-84	36 	757	
-30	-84	36 	758	
42	-72	36 	759	
30	-72	36 	760	
18	-72	36 	761	
6	-72	36 	762	
-6	-72	36 	763	
-18	-72	36 	764	
-30	-72	36 	765	
-42	-72	36 	766	
54	-60	36 	767	
42	-60	36 	768	
30	-60	36 	769	
18	-60	36 	770	
6	-60	36 	771	
-6	-60	36 	772	
-18	-60	36 	773	
-30	-60	36 	774	
-42	-60	36 	775	
-54	-60	36 	776	
66	-48	36 	777	
54	-48	36 	778	
42	-48	36 	779	
30	-48	36 	780	
18	-48	36 	781	
6	-48	36 	782	
-6	-48	36 	783	
-18	-48	36 	784	
-30	-48	36 	785	
-42	-48	36 	786	
-54	-48	36 	787	
-66	-48	36 	788	
66	-36	36 	789	
54	-36	36 	790	
42	-36	36 	791	
30	-36	36 	792	
18	-36	36 	793	
6	-36	36 	794	
-6	-36	36 	795	
-18	-36	36 	796	
-30	-36	36 	797	
-42	-36	36 	798	
-54	-36	36 	799	
-66	-36	36 	800	
66	-24	36 	801	
54	-24	36 	802	
42	-24	36 	803	
30	-24	36 	804	
18	-24	36 	805	
6	-24	36 	806	
-6	-24	36 	807	
-18	-24	36 	808	
-30	-24	36 	809	
-42	-24	36 	810	
-54	-24	36 	811	
-66	-24	36 	812	
66	-12	36 	813	
54	-12	36 	814	
42	-12	36 	815	
30	-12	36 	816	
18	-12	36 	817	
6	-12	36 	818	
-6	-12	36 	819	
-18	-12	36 	820	
-30	-12	36 	821	
-42	-12	36 	822	
-54	-12	36 	823	
-66	-12	36 	824	
54	0	36 	825	
42	0	36 	826	
30	0	36 	827	
18	0	36 	828	
6	0	36 	829	
-6	0	36 	830	
-18	0	36 	831	
-30	0	36 	832	
-42	0	36 	833	
-54	0	36 	834	
54	12	36 	835	
42	12	36 	836	
30	12	36 	837	
18	12	36 	838	
6	12	36 	839	
-6	12	36 	840	
-18	12	36 	841	
-30	12	36 	842	
-42	12	36 	843	
-54	12	36 	844	
54	24	36 	845	
42	24	36 	846	
30	24	36 	847	
18	24	36 	848	
6	24	36 	849	
-6	24	36 	850	
-18	24	36 	851	
-30	24	36 	852	
-42	24	36 	853	
-54	24	36 	854	
42	36	36 	855	
30	36	36 	856	
18	36	36 	857	
6	36	36 	858	
-6	36	36 	859	
-18	36	36 	860	
-30	36	36 	861	
-42	36	36 	862	
30	48	36 	863	
18	48	36 	864	
6	48	36 	865	
-6	48	36 	866	
-18	48	36 	867	
-30	48	36 	868	
18	60	36 	869	
6	60	36 	870	
-6	60	36 	871	
-18	60	36 	872	
18	-84	48 	873	
-18	-84	48 	874	
42	-72	48 	875	
30	-72	48 	876	
18	-72	48 	877	
6	-72	48 	878	
-6	-72	48 	879	
-18	-72	48 	880	
-30	-72	48 	881	
-42	-72	48 	882	
54	-60	48 	883	
42	-60	48 	884	
30	-60	48 	885	
18	-60	48 	886	
6	-60	48 	887	
-6	-60	48 	888	
-18	-60	48 	889	
-30	-60	48 	890	
-42	-60	48 	891	
-54	-60	48 	892	
54	-48	48 	893	
42	-48	48 	894	
30	-48	48 	895	
18	-48	48 	896	
6	-48	48 	897	
-6	-48	48 	898	
-18	-48	48 	899	
-30	-48	48 	900	
-42	-48	48 	901	
-54	-48	48 	902	
54	-36	48 	903	
42	-36	48 	904	
30	-36	48 	905	
18	-36	48 	906	
6	-36	48 	907	
-6	-36	48 	908	
-18	-36	48 	909	
-30	-36	48 	910	
-42	-36	48 	911	
-54	-36	48 	912	
54	-24	48 	913	
42	-24	48 	914	
30	-24	48 	915	
18	-24	48 	916	
6	-24	48 	917	
-6	-24	48 	918	
-18	-24	48 	919	
-30	-24	48 	920	
-42	-24	48 	921	
-54	-24	48 	922	
54	-12	48 	923	
42	-12	48 	924	
30	-12	48 	925	
18	-12	48 	926	
6	-12	48 	927	
-6	-12	48 	928	
-18	-12	48 	929	
-30	-12	48 	930	
-42	-12	48 	931	
-54	-12	48 	932	
54	0	48 	933	
42	0	48 	934	
30	0	48 	935	
18	0	48 	936	
6	0	48 	937	
-6	0	48 	938	
-18	0	48 	939	
-30	0	48 	940	
-42	0	48 	941	
-54	0	48 	942	
42	12	48 	943	
30	12	48 	944	
18	12	48 	945	
6	12	48 	946	
-6	12	48 	947	
-18	12	48 	948	
-30	12	48 	949	
-42	12	48 	950	
42	24	48 	951	
30	24	48 	952	
18	24	48 	953	
6	24	48 	954	
-6	24	48 	955	
-18	24	48 	956	
-30	24	48 	957	
-42	24	48 	958	
30	36	48 	959	
18	36	48 	960	
6	36	48 	961	
-6	36	48 	962	
-18	36	48 	963	
-30	36	48 	964	
18	48	48 	965	
6	48	48 	966	
-6	48	48 	967	
-18	48	48 	968	
18	-72	60 	969	
6	-72	60 	970	
-6	-72	60 	971	
-18	-72	60 	972	
30	-60	60 	973	
18	-60	60 	974	
6	-60	60 	975	
-6	-60	60 	976	
-18	-60	60 	977	
-30	-60	60 	978	
42	-48	60 	979	
30	-48	60 	980	
18	-48	60 	981	
6	-48	60 	982	
-6	-48	60 	983	
-18	-48	60 	984	
-30	-48	60 	985	
-42	-48	60 	986	
42	-36	60 	987	
30	-36	60 	988	
18	-36	60 	989	
6	-36	60 	990	
-6	-36	60 	991	
-18	-36	60 	992	
-30	-36	60 	993	
-42	-36	60 	994	
54	-24	60 	995	
42	-24	60 	996	
30	-24	60 	997	
18	-24	60 	998	
6	-24	60 	999	
-6	-24	60 	1000
-18	-24	60 	1001
-30	-24	60 	1002
-42	-24	60 	1003
-54	-24	60 	1004
42	-12	60 	1005
30	-12	60 	1006
18	-12	60 	1007
6	-12	60 	1008
-6	-12	60 	1009
-18	-12	60 	1010
-30	-12	60 	1011
-42	-12	60 	1012
42	0	60 	1013
30	0	60 	1014
18	0	60 	1015
6	0	60 	1016
-6	0	60 	1017
-18	0	60 	1018
-30	0	60 	1019
-42	0	60 	1020
42	12	60 	1021
30	12	60 	1022
18	12	60 	1023
6	12	60 	1024
-6	12	60 	1025
-18	12	60 	1026
-30	12	60 	1027
-42	12	60 	1028
30	24	60 	1029
18	24	60 	1030
6	24	60 	1031
-6	24	60 	1032
-18	24	60 	1033
-30	24	60 	1034
6	36	60 	1035
-6	36	60 	1036
18	-60	72 	1037
-18	-60	72 	1038
30	-48	72 	1039
18	-48	72 	1040
6	-48	72 	1041
-6	-48	72 	1042
-18	-48	72 	1043
-30	-48	72 	1044
30	-36	72 	1045
18	-36	72 	1046
6	-36	72 	1047
-6	-36	72 	1048
-18	-36	72 	1049
-30	-36	72 	1050
30	-24	72 	1051
18	-24	72 	1052
6	-24	72 	1053
-6	-24	72 	1054
-18	-24	72 	1055
-30	-24	72 	1056
30	-12	72 	1057
18	-12	72 	1058
6	-12	72 	1059
-6	-12	72 	1060
-18	-12	72 	1061
-30	-12	72 	1062
18	0	72 	1063
6	0	72 	1064
-6	0	72 	1065
-18	0	72 	1066
6	12	72 	1067
-6	12	72 	1068
